0	1.000000	コマンド.txt			303	0	0	0
0	-1.000000	シェル実行コマンド.txt			217	0	200	0
0	-1.000000	初級編.txt			299	0	199	0
0	-1.000000	ローカルリポジトリ作成～コミット.txt			277	0	200	0
0	-1.000000	ブランチ作成～テストプッシュまで.txt			301	0	199	0
0	-1.000000	コミットの確認.txt			144	0	0	0
0	-1.000000	コミット手順（確定版）.txt			302	0	0	0
0	-1.000000	ブランチ作成（確定版）.txt			240	0	199	0
0	-1.000000	Git 取り消し.txt			233	0	0	0
0	-1.000000	リポジトリ削除.txt			82	0	200	0
0	-1.000000	ブランチにコメントを残す.txt			107	0	1254	0
0	-1.000000	スタッシュ（一時退避）.txt			183	0	200	0
0	-1.000000	チェリーピック.txt			231	0	0	0
0	-1.000000	ローカル⇔リモート.txt			348	0	200	0
0	-1.000000	差分比較.txt			0	0	199	0
0	-1.000000	ブランチ説明.txt			101	0	199	0
